1010		0
2010		0
1011		0
1110		0
2011		0
1012		0
2110		0
1111		0
1210		0
2012		0
2111		0
2210		0
1112		0
1211		0
1310		0
2211		0
2310		0
2112		0
1212		0
1311		0
2311		0
2212		0
1312		0
2312		0

 NEW P VECTOR
EXPT NUM 1
Deadline Misses are 
DM1 = 0.573966
DM2 = 4.05218
1010	0
1011	0
1012	0
1013	0
1020	0
1021	0
1022	0
1023	0
1110	0
1111	0
1112	0
1113	0
1120	0
1121	0
1122	0
1123	0
1210	0
1211	0
1212	0
1213	0
1220	0
1221	0
1222	0
1223	0
1310	0
1311	0
1312	0
1313	0
1320	0
1321	0
1322	0
1323	0
1410	0
1411	0
1412	0
1413	0
1420	0
1421	0
1422	0
1423	0
2010	0
2011	0
2012	0
2013	0
2020	0
2021	0
2022	0
2023	0
2110	0
2111	1
2112	1
2113	1
2120	0
2121	0
2122	0
2123	0
2210	0
2211	1
2212	1
2213	1
2220	0
2221	0
2222	0
2223	0
2310	0
2311	1
2312	1
2313	1
2320	0
2321	0
2322	0
2323	0
2410	0
2411	1
2412	1
2413	1
2420	0
2421	0
2422	0
2423	0
3010	0
3011	0
3012	0
3013	0
3020	0
3021	0
3022	0
3023	0
3110	0
3111	1
3112	1
3113	1
3120	0
3121	1
3122	1
3123	1
3210	0
3211	1
3212	1
3213	1
3220	0
3221	1
3222	1
3223	1
3310	0
3311	1
3312	1
3313	1
3320	0
3321	1
3322	1
3323	1
3410	0
3411	1
3412	1
3413	1
3420	0
3421	1
3422	1
3423	1


 NEW P VECTOR
EXPT NUM 1
Deadline Misses are 
DM1 = 0.573966
DM2 = 4.05218
1010	0
1011	0
1012	0
1013	0
1020	0
1021	0
1022	0
1023	0
1110	0
1111	0
1112	0
1113	0
1120	0
1121	0
1122	0
1123	0
1210	0
1211	0
1212	0
1213	0
1220	0
1221	0
1222	0
1223	0
1310	0
1311	0
1312	0
1313	0
1320	0
1321	0
1322	0
1323	0
1410	0
1411	0
1412	0
1413	0
1420	0
1421	0
1422	0
1423	0
2010	0
2011	0
2012	0
2013	0
2020	0
2021	0
2022	0
2023	0
2110	0
2111	1
2112	1
2113	1
2120	0
2121	0
2122	0
2123	0
2210	0
2211	1
2212	1
2213	1
2220	0
2221	0
2222	0
2223	0
2310	0
2311	1
2312	1
2313	1
2320	0
2321	0
2322	0
2323	0
2410	0
2411	1
2412	1
2413	1
2420	0
2421	0
2422	0
2423	0
3010	0
3011	0
3012	0
3013	0
3020	0
3021	0
3022	0
3023	0
3110	0
3111	1
3112	1
3113	1
3120	0
3121	1
3122	1
3123	1
3210	0
3211	1
3212	1
3213	1
3220	0
3221	1
3222	1
3223	1
3310	0
3311	1
3312	1
3313	1
3320	0
3321	1
3322	1
3323	1
3410	0
3411	1
3412	1
3413	1
3420	0
3421	1
3422	1
3423	1


 NEW P VECTOR
EXPT NUM 1
Deadline Misses are 
DM1 = 0.573966
DM2 = 4.05218
1010	0
1011	0
1012	0
1013	0
1020	0
1021	0
1022	0
1023	0
1110	0
1111	0
1112	0
1113	0
1120	0
1121	0
1122	0
1123	0
1210	0
1211	0
1212	0
1213	0
1220	0
1221	0
1222	0
1223	0
1310	0
1311	0
1312	0
1313	0
1320	0
1321	0
1322	0
1323	0
1410	0
1411	0
1412	0
1413	0
1420	0
1421	0
1422	0
1423	0
2010	0
2011	0
2012	0
2013	0
2020	0
2021	0
2022	0
2023	0
2110	0
2111	1
2112	1
2113	1
2120	0
2121	0
2122	0
2123	0
2210	0
2211	1
2212	1
2213	1
2220	0
2221	0
2222	0
2223	0
2310	0
2311	1
2312	1
2313	1
2320	0
2321	0
2322	0
2323	0
2410	0
2411	1
2412	1
2413	1
2420	0
2421	0
2422	0
2423	0
3010	0
3011	0
3012	0
3013	0
3020	0
3021	0
3022	0
3023	0
3110	0
3111	1
3112	1
3113	1
3120	0
3121	1
3122	1
3123	1
3210	0
3211	1
3212	1
3213	1
3220	0
3221	1
3222	1
3223	1
3310	0
3311	1
3312	1
3313	1
3320	0
3321	1
3322	1
3323	1
3410	0
3411	1
3412	1
3413	1
3420	0
3421	1
3422	1
3423	1


 NEW P VECTOR
EXPT NUM 1
Deadline Misses are 
DM1 = 0.573966
DM2 = 4.05218
1010	0
1011	0
1012	0
1013	0
1020	0
1021	0
1022	0
1023	0
1110	0
1111	0
1112	0
1113	0
1120	0
1121	0
1122	0
1123	0
1210	0
1211	0
1212	0
1213	0
1220	0
1221	0
1222	0
1223	0
1310	0
1311	0
1312	0
1313	0
1320	0
1321	0
1322	0
1323	0
1410	0
1411	0
1412	0
1413	0
1420	0
1421	0
1422	0
1423	0
2010	0
2011	0
2012	0
2013	0
2020	0
2021	0
2022	0
2023	0
2110	0
2111	1
2112	1
2113	1
2120	0
2121	0
2122	0
2123	0
2210	0
2211	1
2212	1
2213	1
2220	0
2221	0
2222	0
2223	0
2310	0
2311	1
2312	1
2313	1
2320	0
2321	0
2322	0
2323	0
2410	0
2411	1
2412	1
2413	1
2420	0
2421	0
2422	0
2423	0
3010	0
3011	0
3012	0
3013	0
3020	0
3021	0
3022	0
3023	0
3110	0
3111	1
3112	1
3113	1
3120	0
3121	1
3122	1
3123	1
3210	0
3211	1
3212	1
3213	1
3220	0
3221	1
3222	1
3223	1
3310	0
3311	1
3312	1
3313	1
3320	0
3321	1
3322	1
3323	1
3410	0
3411	1
3412	1
3413	1
3420	0
3421	1
3422	1
3423	1


 NEW P VECTOR
EXPT NUM 1
Deadline Misses are 
DM1 = 1.5647
DM2 = 3.61892
1010	0
1011	0
1012	0
1013	0
1020	0
1021	0
1022	0
1023	0
1110	0
1111	0
1112	0
1113	0
1120	0
1121	0
1122	0
1123	0
1210	0
1211	0
1212	0
1213	0
1220	0
1221	0
1222	0
1223	0
1310	0
1311	0
1312	0
1313	0
1320	0
1321	0
1322	0
1323	0
1410	0
1411	0
1412	0
1413	0
1420	0
1421	0
1422	0
1423	0
2010	0
2011	0
2012	0
2013	0
2020	0
2021	0
2022	0
2023	0
2110	0
2111	0
2112	0
2113	0
2120	0
2121	0
2122	0
2123	0
2210	0
2211	0
2212	0
2213	0
2220	0
2221	0
2222	0
2223	0
2310	0
2311	0
2312	0
2313	0
2320	0
2321	0
2322	0
2323	0
2410	0
2411	0
2412	0
2413	0
2420	0
2421	0
2422	0
2423	0
3010	0
3011	0
3012	0
3013	0
3020	0
3021	0
3022	0
3023	0
3110	0
3111	0
3112	0
3113	0
3120	0
3121	0
3122	0
3123	0
3210	0
3211	0
3212	0
3213	0
3220	0
3221	0
3222	0
3223	0
3310	0
3311	0
3312	0
3313	0
3320	0
3321	0
3322	0
3323	0
3410	0
3411	0
3412	0
3413	0
3420	0
3421	0
3422	0
3423	0
